6 5
0 2 2 1
1 2 3 1
2 3 3 1
2 4 2 1
4 5 2 0
12 11
0 3 2 1
1 5 2 1
2 3 3 1
3 4 3 1
4 5 3 2
5 6 3 1
6 7 3 1
7 8 3 1
8 9 3 2
3 10 2 1
5 11 2 1
12 11
0 3 2 1
1 5 2 2
2 3 3 1
3 4 3 1
4 5 3 0
5 6 3 2
6 7 3 2
7 8 3 2
8 9 3 0
3 10 2 1
5 11 2 2
5 4
0 2 2 1
1 2 3 1
2 3 3 1
2 4 2 1
6 5
0 2 2 1
1 2 3 1
2 3 3 1
2 4 2 1
4 5 2 1
5 4
0 1 2 1
1 2 2 1
2 3 2 1
3 4 2 1
6 5
0 1 2 0
1 2 2 1
2 3 2 1
3 4 2 1
4 5 2 0
10 9
0 2 2 1
1 2 3 1
2 3 3 1
2 5 2 0
4 5 3 1
5 6 3 1
5 7 2 1
7 8 2 1
8 9 2 0
14 13
0 1 2 0
1 4 2 1
2 3 3 0
3 4 3 1
4 5 3 1
5 6 3 0
4 8 2 0
7 8 3 1
8 9 3 1
8 10 2 1
10 11 2 1
11 12 2 2
12 13 2 1
10 9
0 2 2 1
1 2 3 1
2 3 3 1
2 5 2 0
4 5 3 1
5 6 3 1
5 7 2 1
7 8 2 1
8 9 2 1
11 10
0 1 2 1
1 3 2 1
2 3 3 1
3 4 3 1
3 6 2 0
5 6 3 1
6 7 3 1
6 8 2 1
8 9 2 1
9 10 2 1
14 13
0 1 2 0
1 4 2 1
2 3 3 0
4 5 3 1
5 6 3 0
3 7 2 0
4 8 2 0
7 8 3 1
8 9 3 1
8 10 2 1
10 11 2 1
11 12 2 2
12 13 2 1
64 63
0 1 3 2
1 2 3 2
0 4 2 0
1 5 2 0
2 6 2 0
3 4 3 2
3 7 2 0
4 8 2 0
5 9 2 0
6 10 2 0
7 11 2 0
8 12 2 0
9 13 2 0
10 14 2 0
12 15 2 0
13 16 2 0
14 17 2 0
16 18 2 2
18 21 2 0
19 20 3 2
20 21 3 2
21 22 3 2
19 23 2 0
20 24 2 0
21 25 2 0
22 26 2 0
23 27 2 0
24 28 2 0
25 29 2 0
26 30 2 0
28 31 2 0
29 32 2 0
30 33 2 0
32 34 2 2
34 37 2 0
35 36 3 2
36 37 3 2
37 38 3 2
35 39 2 0
36 40 2 0
37 41 2 0
38 42 2 0
39 43 2 0
40 44 2 0
41 45 2 0
42 46 2 0
44 47 2 0
45 48 2 0
46 49 2 0
48 50 2 2
50 53 2 0
51 52 3 2
52 53 3 2
53 54 3 2
51 55 2 0
52 56 2 0
53 57 2 0
54 58 2 0
55 59 2 0
56 60 2 0
57 61 2 0
58 62 2 0
61 63 2 0
97 96
0 1 3 2
1 2 3 2
0 4 2 0
1 5 2 0
2 6 2 0
3 4 3 2
3 7 2 0
4 8 2 0
5 9 2 0
6 10 2 0
7 11 2 0
8 12 2 0
9 13 2 0
10 14 2 0
12 15 2 0
13 16 2 0
14 17 2 0
16 18 2 2
18 21 2 0
19 20 3 2
20 21 3 2
21 22 3 2
19 23 2 0
20 24 2 0
21 25 2 0
22 26 2 0
23 27 2 0
24 28 2 0
25 29 2 0
26 30 2 0
28 31 2 0
29 32 2 0
30 33 2 0
32 34 2 2
34 45 2 0
35 36 3 0
36 37 3 0
39 40 3 0
40 41 3 0
41 42 3 0
43 44 3 2
44 45 3 2
45 46 3 2
37 49 2 2
38 51 2 2
42 56 2 2
43 64 2 0
44 65 2 0
45 66 2 0
47 48 3 1
48 49 3 0
49 50 3 2
50 51 3 0
51 52 3 0
52 53 3 2
53 54 3 0
54 55 3 0
55 56 3 0
56 57 3 2
57 58 3 2
58 59 3 0
59 60 3 0
60 61 3 1
61 62 3 1
62 63 3 0
63 64 3 0
66 67 3 1
49 70 2 2
51 71 2 2
56 75 2 2
64 76 2 0
65 77 2 0
66 78 2 0
68 69 3 0
69 70 3 0
72 73 3 0
73 74 3 0
74 75 3 0
78 79 3 2
77 80 2 0
78 81 2 0
79 82 2 0
81 83 2 2
83 86 2 0
84 85 3 2
85 86 3 2
86 87 3 2
84 88 2 0
85 89 2 0
86 90 2 0
87 91 2 0
88 92 2 0
89 93 2 0
90 94 2 0
91 95 2 0
94 96 2 0
100 99
0 1 3 2
1 2 3 2
0 4 2 0
1 5 2 0
2 6 2 0
3 4 3 2
3 7 2 0
4 8 2 0
5 9 2 0
6 10 2 0
7 11 2 0
8 12 2 0
9 13 2 0
10 14 2 0
12 15 2 0
13 16 2 0
14 17 2 0
16 18 2 2
18 21 2 0
19 20 3 2
20 21 3 2
21 22 3 2
19 23 2 0
20 24 2 0
21 25 2 0
22 26 2 0
23 27 2 0
24 28 2 0
25 29 2 0
26 30 2 0
28 31 2 0
29 32 2 0
30 33 2 0
32 34 2 2
34 45 2 0
35 36 3 0
36 37 3 0
39 40 3 0
40 41 3 0
41 42 3 0
43 44 3 2
44 45 3 2
45 46 3 2
37 50 2 2
38 52 2 2
42 57 2 2
43 65 2 0
44 66 2 0
45 67 2 0
47 69 2 2
48 49 3 1
49 50 3 0
50 51 3 2
51 52 3 0
52 53 3 0
53 54 3 2
54 55 3 0
55 56 3 0
56 57 3 0
57 58 3 2
58 59 3 2
59 60 3 0
60 61 3 0
61 62 3 1
62 63 3 1
63 64 3 0
64 65 3 0
67 68 3 1
68 69 3 2
50 72 2 2
52 73 2 2
57 77 2 2
65 78 2 0
66 79 2 0
67 80 2 0
69 82 2 2
70 71 3 0
71 72 3 0
74 75 3 0
75 76 3 0
76 77 3 0
80 81 3 2
79 83 2 0
80 84 2 0
81 85 2 0
84 86 2 2
86 89 2 0
87 88 3 2
88 89 3 2
89 90 3 2
87 91 2 0
88 92 2 0
89 93 2 0
90 94 2 0
91 95 2 0
92 96 2 0
93 97 2 0
94 98 2 0
97 99 2 0
24 23
0 1 3 0
1 3 2 0
2 3 3 0
2 6 2 2
4 5 3 0
5 6 3 2
7 8 3 2
9 10 3 2
4 12 2 0
5 13 2 0
6 14 2 0
7 15 2 0
8 16 2 0
9 17 2 0
10 18 2 0
11 19 2 0
14 15 3 0
16 17 3 0
18 19 3 0
14 20 2 2
20 21 3 0
20 22 2 0
22 23 3 0
24 34
0 1 3 0
0 2 2 0
1 3 2 0
2 3 3 0
2 6 2 2
3 7 2 2
4 5 3 0
5 6 3 2
6 7 3 0
7 8 3 2
8 9 3 0
9 10 3 2
10 11 3 0
4 12 2 0
5 13 2 0
6 14 2 0
7 15 2 0
8 16 2 0
9 17 2 0
10 18 2 0
11 19 2 0
12 13 3 0
13 14 3 2
14 15 3 0
15 16 3 2
16 17 3 0
17 18 3 2
18 19 3 0
14 20 2 2
15 21 2 2
20 21 3 0
20 22 2 0
21 23 2 0
22 23 3 0
16 22
0 1 3 0
0 3 2 2
1 4 2 2
2 3 3 2
3 4 3 0
4 5 3 2
5 6 3 2
6 7 3 0
2 8 2 0
3 9 2 0
4 10 2 0
5 11 2 0
6 12 2 0
7 13 2 0
8 9 3 2
9 10 3 0
10 11 3 2
11 12 3 2
12 13 3 0
9 14 2 2
10 15 2 2
14 15 3 0
16 22
0 1 3 0
0 3 2 1
1 4 2 1
2 3 3 1
3 4 3 0
4 5 3 1
5 6 3 1
6 7 3 0
2 8 2 0
3 9 2 0
4 10 2 0
5 11 2 0
6 12 2 0
7 13 2 0
8 9 3 1
9 10 3 0
10 11 3 1
11 12 3 1
12 13 3 0
9 14 2 1
10 15 2 1
14 15 3 0
16 22
0 1 3 2
0 3 2 1
1 4 2 1
2 3 3 1
3 4 3 0
4 5 3 1
5 6 3 1
6 7 3 0
2 8 2 0
3 9 2 0
4 10 2 0
5 11 2 0
6 12 2 0
7 13 2 0
8 9 3 1
9 10 3 0
10 11 3 1
11 12 3 1
12 13 3 0
9 14 2 1
10 15 2 1
14 15 3 0
16 22
0 1 3 0
0 3 2 1
1 4 2 1
2 3 3 1
3 4 3 0
4 5 3 1
5 6 3 1
6 7 3 0
2 8 2 0
3 9 2 0
4 10 2 0
5 11 2 0
6 12 2 0
7 13 2 0
8 9 3 1
9 10 3 0
10 11 3 1
11 12 3 1
12 13 3 0
9 14 2 1
10 15 2 0
14 15 3 0
16 22
0 1 3 0
0 3 2 1
1 4 2 1
2 3 3 1
3 4 3 0
4 5 3 1
5 6 3 1
6 7 3 0
2 8 2 0
3 9 2 0
4 10 2 0
5 11 2 0
6 12 2 0
7 13 2 0
8 9 3 1
9 10 3 0
10 11 3 1
11 12 3 1
12 13 3 0
9 14 2 2
10 15 2 2
14 15 3 0
162 278
0 3 2 1
1 2 3 1
2 3 3 1
3 4 3 1
1 5 2 0
2 6 2 0
3 7 2 0
4 8 2 0
5 6 3 1
6 7 3 1
7 8 3 1
5 9 2 0
6 10 2 0
7 11 2 0
8 12 2 0
9 10 3 1
10 11 3 1
11 12 3 1
9 13 2 0
10 14 2 0
11 15 2 0
12 16 2 0
13 14 3 1
14 15 3 1
15 16 3 1
13 17 2 0
14 18 2 0
15 19 2 0
16 20 2 0
17 18 3 1
18 19 3 1
19 20 3 1
17 21 2 0
18 22 2 0
19 23 2 0
20 24 2 0
21 22 3 1
22 23 3 1
23 24 3 1
21 25 2 0
22 26 2 0
23 27 2 0
24 28 2 0
25 26 3 1
26 27 3 1
27 28 3 1
25 29 2 0
26 30 2 0
27 31 2 0
28 32 2 0
29 30 3 1
30 31 3 1
31 32 3 1
29 33 2 0
30 34 2 0
31 35 2 0
32 36 2 0
33 34 3 1
34 35 3 1
35 36 3 1
33 37 2 0
34 38 2 0
35 39 2 0
36 40 2 0
37 38 3 1
38 39 3 1
39 40 3 1
37 41 2 0
38 42 2 0
39 43 2 0
40 44 2 0
41 42 3 1
42 43 3 1
43 44 3 1
41 45 2 0
42 46 2 0
43 47 2 0
44 48 2 0
45 46 3 1
46 47 3 1
47 48 3 1
45 49 2 0
46 50 2 0
47 51 2 0
48 52 2 0
49 50 3 1
50 51 3 1
51 52 3 1
49 53 2 0
50 54 2 0
51 55 2 0
52 56 2 0
53 54 3 1
54 55 3 1
55 56 3 1
53 57 2 0
54 58 2 0
55 59 2 0
56 60 2 0
57 58 3 1
58 59 3 1
59 60 3 1
57 61 2 0
58 62 2 0
59 63 2 0
60 64 2 0
61 62 3 1
62 63 3 1
63 64 3 1
61 65 2 0
62 66 2 0
63 67 2 0
64 68 2 0
65 66 3 1
66 67 3 1
67 68 3 1
65 69 2 0
66 70 2 0
67 71 2 0
68 72 2 0
69 70 3 1
70 71 3 1
71 72 3 1
69 73 2 0
70 74 2 0
71 75 2 0
72 76 2 0
73 74 3 1
74 75 3 1
75 76 3 1
73 77 2 0
74 78 2 0
75 79 2 0
76 80 2 0
77 78 3 1
78 79 3 1
79 80 3 1
77 81 2 0
78 82 2 0
79 83 2 0
80 84 2 0
81 82 3 1
82 83 3 1
83 84 3 1
81 85 2 0
82 86 2 0
83 87 2 0
84 88 2 0
85 86 3 1
86 87 3 1
87 88 3 1
85 89 2 0
86 90 2 0
87 91 2 0
88 92 2 0
89 90 3 1
90 91 3 1
91 92 3 1
89 93 2 0
90 94 2 0
91 95 2 0
92 96 2 0
93 94 3 1
94 95 3 1
95 96 3 1
93 97 2 0
94 98 2 0
95 99 2 0
96 100 2 0
97 98 3 1
98 99 3 1
99 100 3 1
97 101 2 0
98 102 2 0
99 103 2 0
100 104 2 0
101 102 3 1
102 103 3 1
103 104 3 1
101 105 2 0
102 106 2 0
103 107 2 0
104 108 2 0
105 106 3 1
106 107 3 1
107 108 3 1
105 109 2 0
106 110 2 0
107 111 2 0
108 112 2 0
109 110 3 1
110 111 3 1
111 112 3 1
109 113 2 0
110 114 2 0
111 115 2 0
112 116 2 0
113 114 3 1
114 115 3 1
115 116 3 1
113 117 2 0
114 118 2 0
115 119 2 0
116 120 2 0
117 118 3 1
118 119 3 1
119 120 3 1
117 121 2 0
118 122 2 0
119 123 2 0
120 124 2 0
121 122 3 1
122 123 3 1
123 124 3 1
121 125 2 0
122 126 2 0
123 127 2 0
124 128 2 0
125 126 3 1
126 127 3 1
127 128 3 1
125 129 2 0
126 130 2 0
127 131 2 0
128 132 2 0
129 130 3 1
130 131 3 1
131 132 3 1
129 133 2 0
130 134 2 0
131 135 2 0
132 136 2 0
133 134 3 1
134 135 3 1
135 136 3 1
133 137 2 0
134 138 2 0
135 139 2 0
136 140 2 0
137 138 3 1
138 139 3 1
139 140 3 1
137 141 2 0
138 142 2 0
139 143 2 0
140 144 2 0
141 142 3 1
142 143 3 1
143 144 3 1
141 145 2 0
142 146 2 0
143 147 2 0
144 148 2 0
145 146 3 1
146 147 3 1
147 148 3 1
145 149 2 0
146 150 2 0
147 151 2 0
148 152 2 0
149 150 3 1
150 151 3 1
151 152 3 1
149 153 2 0
150 154 2 0
151 155 2 0
152 156 2 0
153 154 3 1
154 155 3 1
155 156 3 1
153 157 2 0
154 158 2 0
155 159 2 0
156 160 2 0
157 158 3 1
158 159 3 1
159 160 3 1
158 161 2 1
1 0
18 19
0 2 2 0
1 2 3 0
2 3 3 0
1 4 2 1
2 5 2 1
3 6 2 1
6 7 3 1
7 8 3 1
8 9 3 2
9 10 3 1
10 11 3 1
11 12 3 2
12 13 3 1
4 14 2 1
5 15 2 1
6 16 2 1
14 15 3 0
15 16 3 0
15 17 2 0
18 23
0 1 3 1
0 3 2 1
2 3 3 1
4 5 3 0
2 6 2 0
3 7 2 0
4 8 2 1
5 9 2 1
6 7 3 1
7 8 3 0
8 9 3 0
7 10 2 1
8 11 2 1
9 12 2 1
10 11 3 0
11 12 3 0
12 13 3 1
10 14 2 1
11 15 2 1
12 16 2 1
14 15 3 0
15 16 3 0
14 17 2 0
18 20
0 1 3 0
1 2 2 0
2 3 3 0
2 7 2 1
3 8 2 1
4 5 3 1
5 6 3 2
6 7 3 1
7 8 3 0
8 9 3 1
9 10 3 1
10 11 3 2
7 12 2 1
8 13 2 1
12 13 3 0
12 15 2 0
14 15 3 0
14 16 2 1
15 17 2 1
16 17 3 0
18 19
0 1 2 1
1 2 3 1
1 3 2 1
3 4 2 0
4 5 3 0
4 8 2 1
5 9 2 1
6 7 3 0
7 8 3 1
8 9 3 0
9 10 3 1
10 11 3 1
7 12 2 0
8 13 2 0
10 14 2 1
12 13 3 1
13 15 2 1
15 16 3 1
15 17 2 1
18 21
1 2 3 0
0 4 2 1
1 7 2 1
2 8 2 1
3 4 3 1
4 5 3 1
5 6 3 0
6 7 3 1
7 8 3 0
8 9 3 1
9 10 3 1
3 11 2 0
4 12 2 0
5 13 2 0
7 14 2 1
8 15 2 1
11 12 3 1
12 13 3 1
14 15 3 0
12 16 2 1
14 17 2 2
18 21
0 1 3 0
0 5 2 1
1 6 2 1
2 9 2 1
3 4 3 1
4 5 3 1
5 6 3 0
6 7 3 1
7 8 3 0
8 9 3 1
9 10 3 1
5 11 2 1
6 12 2 1
8 13 2 0
9 14 2 0
10 15 2 0
11 12 3 0
13 14 3 1
14 15 3 1
12 16 2 2
14 17 2 1
14 15
0 1 2 0
1 2 3 0
1 3 2 1
2 4 2 1
3 4 3 0
4 5 3 1
5 6 3 1
6 7 3 2
7 8 3 1
8 9 3 1
9 10 3 0
3 11 2 1
4 12 2 1
11 12 3 0
11 13 2 0
6 5
1 4 0 1
1 5 1 1
1 3 3 1
1 2 2 1
0 2 0 0
12 11
3 10 2 1
8 11 0 1
0 10 3 1
5 10 1 1
5 8 3 2
6 8 1 1
2 6 1 1
2 9 3 1
1 9 1 2
7 10 0 1
4 8 0 1
12 11
0 1 0 1
2 4 0 2
0 10 1 1
0 5 3 1
2 5 1 0
2 7 3 2
6 7 1 2
6 8 3 2
3 8 1 0
0 11 2 1
2 9 2 2
5 4
3 4 2 1
0 4 3 1
1 4 1 1
2 4 0 1
6 5
0 5 0 1
0 2 1 1
0 3 3 1
0 4 2 1
1 4 0 1
5 4
0 3 0 1
0 2 2 1
1 2 0 1
1 4 2 1
6 5
2 5 2 0
4 5 0 1
1 4 0 1
0 1 0 1
0 3 2 0
10 9
8 9 0 1
6 8 3 1
4 8 1 1
1 8 0 0
1 3 1 1
0 1 1 1
1 7 2 1
2 7 0 1
2 5 2 0
14 13
10 12 0 0
6 10 0 1
0 3 3 0
3 6 3 1
4 6 1 1
4 13 3 0
1 6 0 0
1 9 1 1
1 8 3 1
1 7 2 1
2 7 0 1
2 5 2 2
5 11 2 1
10 9
1 2 0 1
1 4 1 1
1 5 3 1
1 7 2 0
0 7 3 1
3 7 1 1
7 9 2 1
6 9 0 1
6 8 2 1
11 10
1 10 0 1
1 3 2 1
3 6 1 1
3 5 3 1
3 4 2 0
4 9 1 1
0 4 1 1
4 7 2 1
2 7 0 1
2 8 2 1
14 13
4 7 0 0
4 9 2 1
5 6 3 0
9 13 3 1
11 13 1 0
6 12 2 0
8 9 0 0
8 12 1 1
0 8 1 1
2 8 0 1
2 10 2 1
1 10 0 2
1 3 2 1
64 63
44 55 3 2
34 55 1 2
44 61 2 0
43 55 0 0
28 34 0 0
12 61 3 2
12 20 2 0
33 61 0 0
19 43 0 0
28 53 2 0
20 27 2 0
33 57 2 0
19 45 2 0
42 53 0 0
49 57 0 0
13 45 0 0
31 42 0 0
8 13 0 2
8 54 2 0
4 38 1 2
4 54 3 2
54 59 3 2
38 47 2 0
4 5 2 0
15 54 0 0
59 60 2 0
22 47 0 0
5 58 2 0
15 40 2 0
3 60 0 0
37 58 0 0
40 48 2 0
3 52 2 0
2 48 0 2
2 7 2 0
14 41 1 2
7 14 1 2
7 10 3 2
41 62 2 0
14 32 2 0
7 18 2 0
10 17 2 0
0 62 0 0
32 63 2 0
18 46 2 0
6 17 0 0
29 63 0 0
9 46 0 0
6 50 2 0
9 16 2 2
1 16 0 0
23 30 3 2
1 30 1 2
1 21 3 2
23 26 2 0
24 30 0 0
1 51 2 0
21 36 2 0
25 26 0 0
11 24 0 0
39 51 0 0
35 36 0 0
39 56 2 0
97 96
7 18 3 2
18 68 3 2
7 39 2 0
18 46 2 0
47 68 0 0
39 83 1 2
15 83 0 0
0 39 0 0
46 61 2 0
19 47 0 0
15 33 2 0
0 81 2 0
23 61 0 0
19 34 2 0
26 81 0 0
3 23 0 0
34 59 2 0
3 71 2 2
22 71 0 0
1 86 3 2
22 86 1 2
22 96 3 2
1 58 2 0
31 86 0 0
22 37 2 0
52 96 0 0
58 85 2 0
29 31 0 0
37 45 2 0
52 64 2 0
8 29 0 0
45 54 2 0
48 64 0 0
54 88 2 2
42 88 0 0
57 67 3 0
67 76 3 0
5 63 1 0
5 21 3 0
21 30 3 0
36 75 1 2
36 42 3 2
42 44 3 2
76 93 2 2
9 25 0 2
30 62 2 2
41 75 0 0
36 66 2 0
42 90 2 0
17 65 1 1
17 93 3 0
35 93 1 2
9 35 1 0
9 28 3 0
28 69 3 2
69 74 3 0
50 74 1 0
50 62 3 0
62 95 3 2
78 95 1 2
38 78 1 0
38 53 3 0
53 73 3 1
11 73 1 1
11 92 3 0
41 92 1 0
56 90 1 1
20 93 0 2
9 40 2 2
4 62 0 2
24 41 0 0
43 66 0 0
72 90 0 0
10 12 1 0
10 20 3 0
16 49 1 0
16 87 3 0
4 87 1 0
60 72 1 2
43 84 2 0
72 77 2 0
13 60 0 0
77 94 2 2
14 94 0 0
55 89 1 2
14 55 1 2
14 80 3 2
51 89 0 0
2 55 0 0
14 32 2 0
79 80 0 0
6 51 0 0
2 91 2 0
32 70 2 0
27 79 0 0
70 82 2 0
100 99
46 78 3 2
15 78 1 2
46 82 2 0
32 78 0 0
15 24 2 0
82 83 1 2
14 83 0 0
17 82 0 0
20 32 0 0
24 39 2 0
14 61 2 0
17 58 2 0
20 33 2 0
39 86 2 0
58 63 2 0
33 40 2 0
70 86 0 0
40 98 2 2
49 98 0 0
12 21 3 2
21 49 3 2
49 51 3 2
12 56 2 0
21 68 2 0
49 99 2 0
51 95 2 0
1 56 0 0
68 96 2 0
44 99 0 0
94 95 0 0
9 96 0 0
44 57 2 0
75 94 0 0
37 57 0 2
18 37 0 0
26 43 1 0
26 45 3 0
91 97 3 0
47 97 1 0
10 47 1 0
53 81 1 2
18 53 1 2
18 72 3 2
25 45 0 2
27 30 0 2
10 66 2 2
38 81 0 0
16 53 0 0
18 74 2 0
29 80 2 2
52 55 3 1
25 55 1 0
25 69 3 2
27 69 1 0
27 62 3 0
62 67 3 2
31 67 1 0
31 79 3 0
66 79 1 0
66 84 3 2
35 84 1 2
2 35 1 0
2 23 3 0
23 64 3 1
64 85 3 1
85 87 3 0
38 87 1 0
7 74 1 1
7 80 3 2
25 92 2 2
27 28 2 2
8 66 0 2
38 77 2 0
16 19 2 0
54 74 0 0
3 80 0 2
89 90 1 0
89 92 3 0
22 34 1 0
22 60 3 0
8 60 1 0
50 54 1 2
19 76 2 0
41 54 0 0
0 50 0 0
4 41 0 2
4 11 2 0
48 59 3 2
11 59 1 2
6 11 1 2
13 48 0 0
59 65 2 0
11 42 2 0
5 6 0 0
13 71 2 0
65 88 2 0
42 73 2 0
5 93 2 0
36 73 0 0
24 23
3 12 1 0
3 23 2 0
22 23 3 0
14 22 0 2
8 19 3 0
14 19 1 2
0 13 3 2
1 4 3 2
8 20 2 0
16 19 0 0
11 14 0 0
0 7 2 0
13 17 2 0
1 6 2 0
4 9 2 0
10 21 2 0
7 11 1 0
6 17 1 0
9 21 3 0
11 15 2 2
5 15 1 0
2 15 0 0
2 18 3 0
24 34
10 17 1 0
3 17 0 0
10 11 2 0
3 11 3 0
3 14 2 2
8 11 0 2
12 16 1 0
12 14 3 2
8 14 1 0
0 8 1 2
0 2 3 0
2 20 3 2
15 20 1 0
1 16 0 0
4 12 0 0
14 21 2 0
8 9 2 0
0 19 2 0
2 7 2 0
20 23 2 0
6 15 0 0
1 4 3 0
4 21 3 2
9 21 1 0
9 19 3 2
7 19 1 0
7 23 3 2
6 23 1 0
5 21 0 2
9 18 2 2
5 18 3 0
5 22 2 0
13 18 0 0
13 22 1 0
16 22
7 10 1 0
10 11 2 2
0 7 0 2
11 12 1 2
0 11 1 0
0 9 3 2
8 9 1 2
8 14 3 0
12 15 2 0
5 11 0 0
0 13 2 0
1 9 0 0
6 8 0 0
4 14 0 0
5 15 1 2
5 13 3 0
1 13 1 2
1 6 3 2
4 6 1 0
2 5 0 2
3 13 0 2
2 3 3 0
16 22
6 8 3 0
6 10 2 1
2 8 0 1
7 10 3 1
2 10 1 0
2 11 3 1
4 11 1 1
4 15 3 0
3 7 0 0
5 10 0 0
2 9 2 0
0 11 0 0
4 13 2 0
1 15 0 0
3 5 3 1
5 9 3 0
0 9 1 1
0 13 3 1
1 13 1 0
5 14 2 1
9 12 2 1
12 14 1 0
16 22
10 15 3 2
6 10 0 1
11 15 0 1
0 6 3 1
6 11 3 0
9 11 1 1
1 9 1 1
1 2 3 0
0 4 2 0
6 8 2 0
3 11 0 0
9 13 2 0
1 7 2 0
2 14 2 0
4 8 3 1
3 8 1 0
3 13 3 1
7 13 1 1
7 14 3 0
8 12 2 1
3 5 2 1
5 12 1 0
16 22
10 14 1 0
5 14 0 1
8 10 0 1
5 13 1 1
5 8 3 0
8 15 3 1
1 15 1 1
1 12 3 0
9 13 0 0
5 6 2 0
3 8 0 0
0 15 0 0
1 11 2 0
7 12 0 0
6 9 1 1
3 6 1 0
0 3 1 1
0 11 3 1
7 11 1 0
4 6 0 1
2 3 0 0
2 4 1 0
16 22
6 15 3 0
6 10 2 1
9 15 0 1
5 10 3 1
9 10 1 0
1 9 1 1
1 11 3 1
11 12 3 0
5 8 2 0
10 13 2 0
4 9 0 0
0 1 0 0
7 11 0 0
2 12 0 0
8 13 3 1
4 13 1 0
0 4 1 1
0 7 3 1
2 7 1 0
13 14 2 2
3 4 0 2
3 14 1 0
162 278
4 57 2 1
3 97 1 1
3 57 3 1
11 57 1 1
97 145 2 0
3 89 2 0
57 147 2 0
11 32 2 0
89 145 1 1
89 147 3 1
32 147 1 1
19 145 0 0
89 103 2 0
38 147 0 0
13 32 0 0
19 103 3 1
38 103 1 1
13 38 1 1
19 115 2 0
8 103 0 0
38 156 2 0
13 111 2 0
8 115 1 1
8 156 3 1
111 156 1 1
67 115 0 0
8 73 2 0
98 156 0 0
5 111 0 0
67 73 3 1
73 98 3 1
5 98 1 1
67 142 2 0
27 73 0 0
98 152 2 0
5 106 2 0
27 142 1 1
27 152 3 1
106 152 1 1
43 142 0 0
27 80 2 0
83 152 0 0
35 106 0 0
43 80 3 1
80 83 3 1
35 83 1 1
43 114 2 0
80 95 2 0
6 83 0 0
2 35 0 0
95 114 1 1
6 95 1 1
2 6 1 1
71 114 0 0
95 146 2 0
6 72 2 0
2 23 2 0
71 146 3 1
72 146 1 1
23 72 1 1
42 71 0 0
81 146 0 0
72 150 2 0
23 29 2 0
42 81 3 1
81 150 3 1
29 150 1 1
42 70 2 0
81 109 2 0
144 150 0 0
29 119 2 0
70 109 3 1
109 144 3 1
119 144 1 1
70 116 2 0
63 109 0 0
68 144 0 0
119 132 2 0
63 116 1 1
63 68 3 1
68 132 3 1
88 116 0 0
33 63 0 0
68 131 2 0
102 132 0 0
33 88 1 1
33 131 3 1
102 131 1 1
9 88 0 0
33 151 2 0
107 131 0 0
61 102 0 0
9 151 3 1
107 151 1 1
61 107 1 1
9 99 2 0
64 151 0 0
107 140 2 0
61 134 2 0
64 99 1 1
64 140 3 1
134 140 1 1
99 158 2 0
64 65 2 0
15 140 0 0
87 134 0 0
65 158 1 1
15 65 1 1
15 87 3 1
105 158 0 0
65 161 2 0
15 123 2 0
87 112 2 0
105 161 3 1
123 161 1 1
112 123 1 1
92 105 0 0
141 161 0 0
123 125 2 0
34 112 0 0
92 141 3 1
125 141 1 1
34 125 1 1
91 92 0 0
85 141 0 0
49 125 0 0
34 78 2 0
85 91 1 1
49 85 1 1
49 78 3 1
91 128 2 0
85 157 2 0
49 154 2 0
78 159 2 0
128 157 3 1
154 157 1 1
154 159 3 1
128 160 2 0
122 157 0 0
10 154 0 0
1 159 0 0
122 160 1 1
10 122 1 1
1 10 1 1
12 160 0 0
84 122 0 0
10 77 2 0
1 86 2 0
12 84 3 1
77 84 1 1
77 86 3 1
12 120 2 0
84 138 2 0
77 110 2 0
86 136 2 0
120 138 3 1
110 138 1 1
110 136 3 1
113 120 0 0
94 138 0 0
100 110 0 0
136 137 2 0
94 113 1 1
94 100 3 1
100 137 3 1
20 113 0 0
17 94 0 0
59 100 0 0
47 137 0 0
17 20 1 1
17 59 3 1
47 59 1 1
20 79 2 0
17 93 2 0
39 59 0 0
47 130 2 0
79 93 3 1
39 93 1 1
39 130 3 1
60 79 0 0
45 93 0 0
39 76 2 0
22 130 0 0
45 60 1 1
45 76 3 1
22 76 1 1
60 129 2 0
45 69 2 0
18 76 0 0
22 117 2 0
69 129 1 1
18 69 1 1
18 117 3 1
46 129 0 0
69 133 2 0
18 30 2 0
41 117 0 0
46 133 3 1
30 133 1 1
30 41 3 1
46 74 2 0
54 133 0 0
30 40 2 0
41 58 2 0
54 74 1 1
40 54 1 1
40 58 3 1
74 124 2 0
24 54 0 0
40 139 2 0
58 108 2 0
24 124 1 1
24 139 3 1
108 139 1 1
124 143 2 0
24 31 2 0
50 139 0 0
96 108 0 0
31 143 1 1
31 50 3 1
50 96 3 1
118 143 0 0
31 82 2 0
50 153 2 0
96 104 2 0
82 118 1 1
82 153 3 1
104 153 1 1
118 121 2 0
82 126 2 0
149 153 0 0
36 104 0 0
121 126 3 1
126 149 3 1
36 149 1 1
14 121 0 0
126 155 2 0
66 149 0 0
28 36 0 0
14 155 3 1
66 155 1 1
28 66 1 1
7 14 0 0
48 155 0 0
53 66 0 0
28 75 2 0
7 48 3 1
48 53 3 1
53 75 3 1
7 90 2 0
25 48 0 0
52 53 0 0
37 75 0 0
25 90 1 1
25 52 3 1
37 52 1 1
16 90 0 0
25 62 2 0
21 52 0 0
37 101 2 0
16 62 3 1
21 62 1 1
21 101 3 1
16 44 2 0
56 62 0 0
21 55 2 0
0 101 0 0
44 56 3 1
55 56 1 1
0 55 1 1
44 135 2 0
56 127 2 0
26 55 0 0
0 148 2 0
127 135 1 1
26 127 1 1
26 148 3 1
51 127 0 1
1 0
18 19
1 8 0 0
1 6 1 0
1 16 3 0
6 7 2 1
1 12 2 1
2 16 0 1
2 17 3 1
4 17 1 1
4 9 3 2
9 14 3 1
0 14 1 1
0 3 3 2
3 10 3 1
7 13 2 1
12 15 2 1
2 5 2 1
13 15 3 0
5 15 1 0
11 15 0 0
18 23
4 11 3 1
4 6 2 1
6 10 1 1
2 9 3 0
8 10 0 0
6 7 2 0
2 16 2 1
9 14 2 1
7 8 1 1
7 16 3 0
14 16 1 0
7 12 2 1
13 16 0 1
0 14 0 1
12 13 3 0
0 13 1 0
0 15 3 1
1 12 0 1
3 13 0 1
0 17 2 1
1 3 3 0
3 17 3 0
1 5 2 0
18 20
1 9 1 0
1 10 2 0
3 10 1 0
8 10 0 1
0 3 0 1
4 11 3 1
11 15 3 2
8 15 1 1
0 8 1 0
0 16 3 1
6 16 1 1
6 12 3 2
8 17 2 1
0 7 2 1
7 17 1 0
13 17 0 0
5 13 3 0
2 5 0 1
13 14 2 1
2 14 3 0
18 19
2 12 0 1
2 15 3 1
2 11 2 1
6 11 0 0
6 7 3 0
4 6 0 1
7 16 2 1
5 8 1 0
4 5 1 1
4 16 3 0
14 16 1 1
3 14 1 1
5 13 2 0
4 9 2 0
1 14 0 1
9 13 1 1
0 9 0 1
0 10 3 1
0 17 2 1
18 21
0 13 3 0
4 14 2 1
0 1 2 1
13 17 2 1
9 14 3 1
5 14 1 1
3 5 1 0
1 3 1 1
1 17 3 0
7 17 1 1
7 12 3 1
2 9 0 0
10 14 0 0
5 15 2 0
1 16 2 1
8 17 0 1
2 10 3 1
10 15 3 1
8 16 1 0
10 11 2 1
6 16 0 2
18 21
2 13 1 0
12 13 0 1
2 9 2 1
0 17 2 1
1 16 3 1
12 16 1 1
9 12 1 0
8 9 1 1
7 8 1 0
7 17 3 1
15 17 1 1
4 12 0 1
9 14 2 1
6 7 0 0
11 17 0 0
3 15 0 0
4 14 3 0
6 11 3 1
3 11 1 1
10 14 0 2
5 11 0 1
14 15
1 9 2 0
9 11 3 0
2 9 0 1
10 11 0 1
2 10 3 0
10 12 3 1
3 12 1 1
3 7 3 2
7 13 3 1
6 13 1 1
0 6 1 0
2 5 2 1
8 10 0 1
5 8 3 0
4 5 0 0
2 1
0 1 0 0
5 4
0 2 2 1
1 2 3 1
2 3 3 1
2 4 2 1
6 5
0 2 2 1
1 2 3 1
2 3 3 1
2 4 2 1
4 5 2 1
6 5
0 2 2 2
1 2 3 2
2 3 3 2
2 4 2 2
4 5 2 2
12 11
0 1 2 1
1 2 2 1
2 3 2 1
3 4 2 0
4 5 2 2
5 6 2 2
6 7 2 2
8 3 1 1
3 9 1 1
10 4 1 2
4 11 1 2
2 1
0 1 0 2
12 11
0 1 2 1
1 2 2 1
2 3 2 1
3 4 2 0
4 5 2 2
5 6 2 2
0 7 0 0
8 3 1 1
3 9 1 1
10 4 1 2
4 11 1 2
24 33
0 1 1 0
2 3 1 0
4 5 1 0
6 7 1 0
8 9 1 0
12 13 1 0
14 15 1 0
16 17 1 0
18 19 1 0
20 21 1 0
22 23 1 0
0 2 2 0
1 3 2 0
4 6 2 0
5 7 2 0
8 10 2 0
9 11 2 0
12 14 2 0
13 15 2 0
16 18 2 0
17 19 2 0
20 22 2 0
21 23 2 0
2 8 2 1
3 9 2 1
10 16 2 1
11 17 2 1
18 20 2 1
19 21 2 1
8 5 3 1
10 7 3 1
12 9 3 1
14 11 3 1
4 4
0 1 1 1
1 2 2 1
2 3 3 1
3 0 0 1
198 197
197 0 2 1
0 1 1 1
1 2 1 1
2 3 1 1
0 4 2 0
4 5 1 1
5 6 1 1
6 7 1 1
4 8 2 0
8 9 1 1
9 10 1 1
10 11 1 1
8 12 2 0
12 13 1 1
13 14 1 1
14 15 1 1
12 16 2 0
16 17 1 1
17 18 1 1
18 19 1 1
16 20 2 0
20 21 1 1
21 22 1 1
22 23 1 1
20 24 2 0
24 25 1 1
25 26 1 1
26 27 1 1
24 28 2 0
28 29 1 1
29 30 1 1
30 31 1 1
28 32 2 0
32 33 1 1
33 34 1 1
34 35 1 1
32 36 2 0
36 37 1 1
37 38 1 1
38 39 1 1
36 40 2 0
40 41 1 1
41 42 1 1
42 43 1 1
40 44 2 0
44 45 1 1
45 46 1 1
46 47 1 1
44 48 2 0
48 49 1 1
49 50 1 1
50 51 1 1
48 52 2 0
52 53 1 1
53 54 1 1
54 55 1 1
52 56 2 0
56 57 1 1
57 58 1 1
58 59 1 1
56 60 2 0
60 61 1 1
61 62 1 1
62 63 1 1
60 64 2 0
64 65 1 1
65 66 1 1
66 67 1 1
64 68 2 0
68 69 1 1
69 70 1 1
70 71 1 1
68 72 2 0
72 73 1 1
73 74 1 1
74 75 1 1
72 76 2 0
76 77 1 1
77 78 1 1
78 79 1 1
76 80 2 0
80 81 1 1
81 82 1 1
82 83 1 1
80 84 2 0
84 85 1 1
85 86 1 1
86 87 1 1
84 88 2 0
88 89 1 1
89 90 1 1
90 91 1 1
88 92 2 0
92 93 1 1
93 94 1 1
94 95 1 1
92 96 2 0
96 97 1 1
97 98 1 1
98 99 1 1
96 100 2 0
100 101 1 1
101 102 1 1
102 103 1 1
100 104 2 0
104 105 1 1
105 106 1 1
106 107 1 1
104 108 2 0
108 109 1 1
109 110 1 1
110 111 1 1
108 112 2 0
112 113 1 1
113 114 1 1
114 115 1 1
112 116 2 0
116 117 1 1
117 118 1 1
118 119 1 1
116 120 2 0
120 121 1 1
121 122 1 1
122 123 1 1
120 124 2 0
124 125 1 1
125 126 1 1
126 127 1 1
124 128 2 0
128 129 1 1
129 130 1 1
130 131 1 1
128 132 2 0
132 133 1 1
133 134 1 1
134 135 1 1
132 136 2 0
136 137 1 1
137 138 1 1
138 139 1 1
136 140 2 0
140 141 1 1
141 142 1 1
142 143 1 1
140 144 2 0
144 145 1 1
145 146 1 1
146 147 1 1
144 148 2 0
148 149 1 1
149 150 1 1
150 151 1 1
148 152 2 0
152 153 1 1
153 154 1 1
154 155 1 1
152 156 2 0
156 157 1 1
157 158 1 1
158 159 1 1
156 160 2 0
160 161 1 1
161 162 1 1
162 163 1 1
160 164 2 0
164 165 1 1
165 166 1 1
166 167 1 1
164 168 2 0
168 169 1 1
169 170 1 1
170 171 1 1
168 172 2 0
172 173 1 1
173 174 1 1
174 175 1 1
172 176 2 0
176 177 1 1
177 178 1 1
178 179 1 1
176 180 2 0
180 181 1 1
181 182 1 1
182 183 1 1
180 184 2 0
184 185 1 1
185 186 1 1
186 187 1 1
184 188 2 0
188 189 1 1
189 190 1 1
190 191 1 1
188 192 2 0
192 193 1 1
193 194 1 1
194 195 1 1
192 196 2 1
30 29
0 1 0 1
1 2 0 0
2 3 0 1
3 4 0 0
4 5 0 0
5 6 0 1
6 7 0 0
7 8 0 0
8 9 0 1
9 10 0 0
10 11 0 1
11 12 0 0
12 13 0 1
13 14 0 1
14 15 0 1
16 17 1 0
17 18 2 0
18 19 2 0
19 20 3 0
20 21 3 0
21 22 0 0
23 24 3 0
24 25 2 0
25 26 2 0
26 27 1 0
27 28 1 0
28 29 0 0
17 8 1 1
8 24 1 1
200 199
0 1 1 0
1 2 1 0
2 3 1 0
3 4 1 0
4 5 1 0
5 6 1 0
6 7 1 0
7 8 1 0
8 9 1 0
9 10 1 0
10 11 1 0
11 12 1 0
12 13 1 0
13 14 1 0
14 15 1 0
15 16 1 0
16 17 1 0
17 18 1 0
18 19 1 0
19 20 1 0
20 21 1 0
21 22 1 0
22 23 1 0
23 24 1 0
24 25 1 0
25 26 1 0
26 27 1 0
27 28 1 0
28 29 1 0
29 30 1 0
30 31 1 0
31 32 1 0
32 33 1 0
33 34 1 0
34 35 1 0
35 36 1 0
36 37 1 0
37 38 1 0
38 39 1 0
39 40 1 0
40 41 1 0
41 42 1 0
42 43 1 0
43 44 1 0
44 45 1 0
45 46 1 0
46 47 1 0
47 48 1 0
48 49 1 0
49 50 1 0
50 51 1 0
51 52 1 0
52 53 1 0
53 54 1 0
54 55 1 0
55 56 1 0
56 57 1 0
57 58 1 0
58 59 1 0
59 60 1 0
60 61 1 0
61 62 1 0
62 63 1 0
63 64 1 0
64 65 1 0
65 66 1 0
66 67 1 0
67 68 1 0
68 69 1 0
69 70 1 0
70 71 1 0
71 72 1 0
72 73 1 0
73 74 1 0
74 75 1 0
75 76 1 0
76 77 1 0
77 78 1 0
78 79 1 0
79 80 1 0
80 81 1 0
81 82 1 0
82 83 1 0
83 84 1 0
84 85 1 0
85 86 1 0
86 87 1 0
87 88 1 0
88 89 1 0
89 90 1 0
90 91 1 0
91 92 1 0
92 93 1 0
93 94 1 0
94 95 1 0
95 96 1 0
96 97 1 0
97 98 1 0
98 99 1 0
99 100 1 0
100 101 1 0
101 102 1 0
102 103 1 0
103 104 1 0
104 105 1 0
105 106 1 0
106 107 1 0
107 108 1 0
108 109 1 0
109 110 1 0
110 111 1 0
111 112 1 0
112 113 1 0
113 114 1 0
114 115 1 0
115 116 1 0
116 117 1 0
117 118 1 0
118 119 1 0
119 120 1 0
120 121 1 0
121 122 1 0
122 123 1 0
123 124 1 0
124 125 1 0
125 126 1 0
126 127 1 0
127 128 1 0
128 129 1 0
129 130 1 0
130 131 1 0
131 132 1 0
132 133 1 0
133 134 1 0
134 135 1 0
135 136 1 0
136 137 1 0
137 138 1 0
138 139 1 0
139 140 1 0
140 141 1 0
141 142 1 0
142 143 1 0
143 144 1 0
144 145 1 0
145 146 1 0
146 147 1 0
147 148 1 0
148 149 1 0
149 150 1 0
150 151 1 0
151 152 1 0
152 153 1 0
153 154 1 0
154 155 1 0
155 156 1 0
156 157 1 0
157 158 1 0
158 159 1 0
159 160 1 0
160 161 1 0
161 162 1 0
162 163 1 0
163 164 1 0
164 165 1 0
165 166 1 0
166 167 1 0
167 168 1 0
168 169 1 0
169 170 1 0
170 171 1 0
171 172 1 0
172 173 1 0
173 174 1 0
174 175 1 0
175 176 1 0
176 177 1 0
177 178 1 0
178 179 1 0
179 180 1 0
180 181 1 0
181 182 1 0
182 183 1 0
183 184 1 0
184 185 1 0
185 186 1 0
186 187 1 0
187 188 1 0
188 189 1 0
189 190 1 0
190 191 1 0
191 192 1 0
192 193 1 0
193 194 1 0
194 195 1 0
195 196 1 0
196 197 1 0
197 198 1 0
198 199 1 0
0 0
